9846
21533
368
7651
6813
15720
25239
10590
11489
25541
30458
9073
10903
19579
24917
16866
3351
23239
18160
23690
16189
9505
23717
19678
18773
23062
21026
7627
2712
18935
13310
6841
19450
12158
18281
7934
16154
20785
22084
15719
23564
15950
24604
16549
15528
8189
24158
20291
29615
22251
8419
13872
9828
8875
23737
27475
20822
17041
32239
12562
26357
11854
19710
15669
19577
5169
29152
18674
13770
12956
11444
13116
21465
14132
19375
15494
12915
9725
6515
14067
25685
25874
23703
16670
34238
31906
12717
11936
30076
18528
16538
2808
8969
29954
16496
13113
13043
25591
10073
21532
16891
26617
6875
27191
4003
32027
22628
16980
17478
11946
34178
15973
18942
32841
9721
27587
10684
2623
16757
9236
11615
5875
10738
17915
2079
6130
10836
17650
8221
16805
22124
19749
15286
22310
8298
16915
4294
21427
15134
17710
9667
16151
30792
12538
14348
31394
8142
16366
14222
30895
16448
2270
8309
6005
31447
18757
30310
22188
2736
4323
3336
22010
16714
17468
24940
15163
15478
14965
10483
7762
10920
20761
7585
9405
30372
6570
15608
14923
11071
23145
18785
3294
27091
26664
9646
13209
34239
11599
28388
16283
12136
10028
25409
22352
20856
24694
3840
15687
7824
5444
9769
22575
17899
26995
26811
11085
30962
25487
5879
4435
22416
15262
24065
10729
24849
27447
32655
17633
1816
3105
13163
18598
11924
1783
9895
9160
11825
23765
15461
24903
16052
25586
19255
1305
12087
30157
20966
2664
8447
23663
14900
17479
6817
31124
10819
20337
17756
27908
7064
12598
13428
4748
9814
12333
4390
26901
11535
17178
26140
10671
13870
21553
20537
21717
23271
16628
21884
12525
25548
16632
6675
11247
24546
15581
14214
14438
13186
12683
18367
7267
8334
13624
11979
17213
10525
18153
21971
