30893
30995
26746
32058
33341
27482
28867
23560
25885
29216
31604
24074
30676
23968
33074
27018
23116
24052
29315
32807
27736
26821
25607
24539
28549
24786
25961
27072
30980
33760
28286
25562
28869
31596
33666
22657
29233
27644
28776
25099
25192
30360
30274
23726
30086
22709
26050
23622
30928
29816
26836
24743
29134
27660
33938
25341
30817
33564
24410
32317
26317
24064
32418
34410
29715
23750
22850
30092
23375
30677
26515
23951
24102
32361
34414
33853
32799
26390
34612
31862
34420
32410
23932
24967
33983
25650
32170
34417
26972
24387
29572
26928
27303
27293
28056
28773
31827
30100
31049
32717
24718
31171
28096
34553
33729
24021
29559
32796
27984
30780
23089
34014
24036
24982
29997
30164
23569
29108
26660
25692
30353
24713
28157
23515
27616
26705
30121
34284
27730
28800
28526
27537
29297
34101
23807
31326
34367
30435
22984
26343
24844
32401
27713
27836
32937
23206
24519
31132
25750
24299
31306
32833
28485
33479
31091
31541
33076
34590
31082
26488
33849
29720
25432
28586
25408
33758
31727
24350
25053
23085
27042
31316
23226
32642
34210
26779
26628
24881
29417
25342
33229
25656
31854
33815
24696
34573
30045
29649
31918
30709
27328
23868
32018
31880
27354
24502
27045
26810
29519
32865
29765
25745
26414
30795
28995
32659
23629
31610
24580
32041
22934
32222
26605
25860
33392
29892
23417
27538
25478
24657
32160
23006
29958
30198
25553
25302
34375
27196
31065
33727
24788
28665
31769
25522
30323
24377
28144
32724
31913
31289
26334
28038
27865
27941
33289
23715
28120
27473
34680
23827
26477
33308
22665
27756
23203
23497
29286
24071
34005
25079
25350
27577
26830
28541
23377
25876
29982
26591
27334
25647
24777
24756
27035
24292
29180
28661
31786
31919
31717
31173
25235
26620
32698
24683
29405
25583
28676
