34681
34680
34643
34632
34626
34620
34612
34607
34605
34601
34596
34591
34590
34573
34563
34560
34554
34553
34538
34534
34528
34521
34520
34517
34498
34489
34486
34481
34480
34468
34464
34440
34420
34417
34414
34411
34410
34393
34387
34385
34384
34375
34373
34370
34367
34363
34360
34356
34351
34341
34339
34338
34314
34307
34302
34284
34278
34275
34269
34257
34241
34227
34221
34219
34215
34210
34208
34203
34202
34197
34196
34194
34185
34181
34177
34136
34116
34110
34101
34094
34085
34081
34077
34076
34070
34061
34053
34052
34045
34014
34009
34005
33990
33983
33979
33969
33954
33949
33938
33936
33932
33929
33928
33922
33912
33897
33882
33871
33857
33853
33850
33849
33835
33833
33832
33829
33825
33821
33817
33815
33813
33810
33804
33785
33781
33770
33762
33761
33760
33758
33756
33751
33737
33735
33733
33729
33727
33721
33718
33697
33696
33695
33693
33691
33689
33684
33681
33674
33673
33666
33662
33661
33653
33652
33640
33639
33637
33635
33631
33621
33615
33608
33605
33604
33590
33585
33574
33571
33569
33564
33563
33559
33554
33552
33537
33521
33511
33499
33484
33479
33474
33471
33455
33452
33446
33442
33441
33438
33413
33409
33405
33392
33384
33378
33341
33337
33326
33325
33324
33308
33307
33303
33298
33289
33278
33268
33267
33257
33256
33229
33227
33223
33220
33193
33188
33172
33171
33162
33121
33119
33079
33076
33075
33074
33066
33058
33054
33051
33039
33018
32997
32986
32971
32968
32956
32952
32938
32937
32936
32923
32911
32900
32865
32852
32849
32837
32833
32825
32809
32808
32807
32799
32796
32783
32780
32776
32771
32740
32724
32717
32706
32702
32698
32686
32678
32661
32659
32654
32647
32646
32642
32627
32626
32617
32613
32612
32605
32556
32540
32539
32472
32471
32418
32417
32414
32410
32406
32401
32400
32381
32361
32317
32306
32284
32277
32271
32270
32268
32250
32243
32222
32221
32207
32190
32185
32175
32170
32162
32160
32153
32141
32133
32130
32125
32121
32100
32095
32089
32087
32075
32058
32041
32034
32031
32026
32018
32016
31995
31989
31972
31970
31966
31953
31951
31944
31942
31941
31923
31919
31918
31913
31900
31895
31880
31862
31854
31827
31819
31815
31807
31786
31784
31773
31769
31755
31751
31750
31732
31727
31720
31717
31713
31704
31693
31690
31685
31671
31650
31640
31639
31610
31604
31600
31596
31572
31570
31554
31549
31547
31541
31520
31513
31492
31484
31483
31473
31449
31446
31439
31422
31405
31403
31402
31401
31382
31355
31348
31339
31336
31335
31326
31320
31319
31316
31310
31306
31289
31276
31272
31251
31250
31189
31187
31184
31179
31178
31177
31176
31173
31171
31170
31167
31162
31146
31137
31135
31134
31132
31123
31119
31117
31115
31114
31111
31099
31091
31082
31065
31061
31049
31046
31037
31007
30996
30995
30985
30984
30980
30966
30963
30960
30959
30954
30949
30945
30944
30941
30930
30928
30919
30893
30884
30881
30879
30876
30863
30850
30817
30816
30802
30795
30782
30780
30774
30757
30748
30744
30735
30725
30714
30712
30711
30709
30698
30695
30682
30677
30676
30667
30659
30655
30651
30643
30626
30614
30596
30595
30593
30591
30582
30581
30568
30559
30550
30536
30535
30524
30520
30499
30486
30472
30447
30445
30435
30433
30432
30407
30406
30394
30373
30367
30366
30360
30355
30354
30353
30349
30336
30332
30323
30318
30308
30292
30285
30275
30274
30261
30259
30249
30246
30243
30238
30235
30219
30214
30213
30210
30198
30191
30189
30171
30164
30144
30142
30135
30126
30121
30118
30111
30101
30100
30092
30086
30084
30067
30060
30053
30048
30045
30022
30020
30016
30011
30004
29997
29994
29984
29982
29967
29964
29958
29950
29939
29933
29930
29916
29906
29894
29892
29887
29859
29850
29848
29842
29834
29830
29816
29815
29796
29793
29791
29788
29782
29765
29758
29757
29742
29720
29716
29715
29714
29699
29692
29685
29681
29677
29655
29649
29645
29638
29630
29622
29619
29612
29599
29593
29588
29572
29569
29560
29559
29519
29518
29511
29504
29503
29495
29493
29486
29455
29442
29418
29417
29405
29373
29366
29358
29357
29349
29348
29315
29313
29297
29294
29293
29289
29287
29286
29282
29270
29268
29263
29261
29252
29248
29233
29225
29216
29215
29204
29191
29181
29180
29176
29162
29134
29117
29108
29098
29092
29089
29079
29077
29072
29063
29058
29056
29020
29010
28995
28961
28896
28883
28881
28869
28867
28864
28860
28847
28844
28833
28831
28829
28803
28800
28790
28781
28776
28773
28768
28757
28734
28729
28709
28708
28699
28685
28680
28676
28673
28670
28665
28661
28640
28631
28586
28584
28549
28541
28526
28524
28522
28495
28488
28486
28485
28453
28450
28445
28444
28412
28402
28394
28381
28368
28356
28327
28316
28295
28289
28286
28272
28266
28259
28250
28240
28223
28217
28210
28204
28202
28196
28188
28187
28186
28185
28182
28166
28160
28157
28147
28145
28144
28139
28137
28132
28120
28098
28096
28089
28083
28079
28062
28056
28040
28038
28022
28006
27986
27984
27981
27962
27961
27950
27941
27926
27925
27924
27919
27904
27902
27865
27863
27860
27851
27850
27842
27836
27825
27823
27822
27809
27802
27792
27790
27773
27769
27761
27756
27743
27736
27734
27730
27713
27674
27660
27656
27647
27644
27636
27632
27624
27619
27616
27613
27608
27601
27597
27577
27566
27553
27551
27550
27549
27541
27538
27537
27526
27520
27517
27494
27486
27482
27473
27471
27437
27425
27403
27399
27392
27383
27375
27371
27366
27354
27346
27341
27334
27329
27328
27303
27294
27293
27285
27272
27271
27248
27245
27227
27206
27196
27165
27140
27126
27123
27122
27118
27113
27111
27108
27103
27089
27075
27074
27072
27063
27058
27057
27051
27045
27042
27035
27018
27008
27007
26993
26988
26982
26977
26976
26972
26933
26930
26928
26909
26905
26868
26867
26865
26860
26838
26836
26830
26821
26819
26815
26810
26799
26790
26779
26770
26765
26764
26746
26743
26705
26703
26696
26690
26686
26677
26672
26660
26634
26630
26628
26620
26605
26600
26591
26587
26568
26567
26559
26547
26529
26524
26516
26515
26507
26495
26488
26480
26477
26442
26434
26416
26414
26408
26391
26390
26382
26359
26343
26334
26331
26328
26327
26317
26266
26259
26248
26241
26235
26231
26227
26226
26224
26208
26205
26200
26185
26182
26163
26150
26147
26130
26121
26090
26089
26074
26050
26036
26021
26019
26016
26003
25999
25991
25989
25961
25952
25930
25928
25919
25914
25912
25908
25904
25886
25885
25877
25876
25873
25863
25862
25860
25856
25828
25825
25823
25822
25815
25798
25795
25790
25786
25771
25758
25750
25748
25745
25735
25726
25717
25714
25702
25692
25681
25671
25656
25652
25650
25647
25628
25626
25616
25615
25607
25583
25575
25572
25567
25565
25564
25562
25553
25544
25543
25523
25522
25520
25519
25486
25478
25476
25470
25469
25451
25450
25438
25432
25430
25426
25408
25395
25390
25350
25342
25341
25337
25323
25321
25315
25311
25307
25302
25296
25281
25278
25263
25240
25235
25222
25192
25184
25182
25170
25161
25153
25146
25119
25099
25094
25079
25070
25056
25053
25051
25039
25035
25009
25008
25004
25002
24992
24991
24988
24982
24974
24971
24967
24965
24963
24937
24930
24929
24923
24918
24912
24897
24890
24881
24871
24866
24862
24850
24844
24820
24799
24791
24788
24786
24777
24776
24764
24756
24752
24743
24723
24718
24713
24712
24704
24703
24701
24699
24697
24696
24686
24685
24683
24681
24669
24667
24664
24658
24657
24653
24635
24619
24614
24610
24603
24600
24596
24582
24580
24577
24571
24565
24557
24552
24551
24542
24539
24535
24529
24525
24524
24522
24519
24515
24511
24510
24504
24502
24492
24487
24454
24422
24410
24406
24387
24379
24377
24374
24350
24337
24331
24328
24325
24318
24315
24304
24299
24296
24295
24292
24261
24259
24254
24244
24233
24231
24229
24224
24205
24203
24202
24201
24199
24198
24192
24171
24167
24166
24161
24155
24143
24140
24131
24102
24099
24088
24086
24074
24071
24067
24064
24054
24052
24049
24039
24037
24036
24029
24023
24021
23993
23968
23966
23951
23948
23941
23940
23937
23932
23930
23917
23870
23868
23857
23852
23850
23846
23827
23811
23807
23797
23795
23789
23773
23759
23756
23752
23750
23744
23738
23733
23726
23724
23723
23715
23712
23705
23702
23695
23687
23679
23669
23668
23666
23649
23648
23636
23632
23631
23630
23629
23628
23622
23618
23614
23612
23600
23597
23569
23560
23558
23553
23546
23532
23531
23515
23508
23505
23499
23497
23488
23481
23479
23461
23443
23439
23429
23417
23414
23402
23395
23381
23377
23375
23370
23359
23358
23346
23338
23329
23323
23317
23307
23305
23284
23252
23242
23228
23226
23225
23213
23212
23208
23206
23203
23188
23185
23182
23179
23176
23175
23169
23168
23167
23152
23151
23138
23135
23130
23126
23123
23120
23119
23116
23103
23097
23089
23085
23057
23048
23025
23014
23011
23008
23006
22984
22983
22967
22950
22949
22945
22942
22935
22934
22933
22911
22894
22857
22850
22833
22808
22806
22785
22772
22759
22749
22748
22743
22709
22704
22703
22701
22698
22693
22684
22665
22657
22656
22637