34673
34658
34657
34641
34623
34619
34502
34418
34326
34287
34258
34240
34239
34238
34178
34106
34029
34011
34004
33888
33859
33787
33763
33678
33536
33494
33469
33459
33430
33410
33380
33292
33206
33135
33046
32999
32922
32881
32846
32845
32841
32766
32752
32663
32655
32623
32614
32591
32552
32454
32431
32426
32425
32399
32375
32372
32296
32242
32239
32234
32233
32119
32114
32027
32004
31998
31964
31960
31938
31911
31906
31877
31875
31829
31812
31798
31747
31719
31683
31659
31494
31447
31424
31394
31387
31346
31315
31278
31124
31122
31079
31060
31054
30962
30895
30854
30792
30749
30745
30743
30697
30649
30555
30547
30541
30529
30512
30458
30438
30395
30372
30313
30310
30302
30290
30281
30216
30169
30157
30116
30106
30098
30076
29989
29978
29961
29954
29953
29926
29909
29883
29827
29807
29660
29621
29615
29606
29565
29550
29539
29439
29433
29346
29337
29154
29152
29081
29060
28804
28784
28763
28755
28701
28686
28675
28619
28596
28566
28548
28539
28388
28382
28365
28243
28206
28115
28046
27963
27953
27949
27947
27930
27920
27918
27908
27890
27888
27879
27757
27755
27721
27714
27623
27615
27611
27589
27588
27587
27555
27475
27447
27376
27331
27305
27281
27265
27235
27198
27191
27186
27180
27177
27176
27160
27136
27091
27079
27060
26995
26902
26901
26811
26789
26761
26741
26706
26700
26664
26617
26612
26590
26576
26572
26535
26433
26403
26357
26356
26350
26213
26207
26203
26184
26161
26140
26138
26103
26098
26079
26020
26008
25997
25980
25968
25962
25905
25898
25874
25843
25821
25777
25768
25734
25699
25685
25635
25621
25591
25586
25560
25548
25546
25541
25515
25487
25458
25434
25409
25369
25289
25239
25238
25202
25193
25167
25124
25055
25050
25018
25016
24973
24962
24951
24943
24941
24940
24938
24928
24917
24916
24903
24901
24856
24849
24838
24812
24805
24800
24795
24769
24767
24721
24720
24716
24711
24694
24690
24682
24654
24651
24648
24639
24628
24604
24585
24572
24570
24546
24544
24507
24506
24500
24493
24462
24375
24358
24245
24242
24158
24148
24083
24065
24040
24016
23996
23985
23970
23894
23815
23800
23781
23765
23762
23737
23717
23703
23690
23665
23663
23608
23564
23539
23530
23448
23376
23365
23324
23297
23271
23255
23239
23238
23211
23197
23190
23159
23145
23106
23062
23043
23012
22997
22912
22859
22825
22784
22767
22664
22628
22625
22589
22588
22585
22575
22570
22509
22416
22409
22391
22352
22310
22301
22296
22288
22270
22251
22245
22236
22199
22188
22159
22141
22124
22094
22084
22067
22023
22010
21994
21979
21971
21924
21908
21885
21884
21856
21847
21837
21825
21792
21763
21756
21717
21706
21638
21592
21553
21542
21533
21532
21465
21461
21452
21427
21406
21362
21327
21254
21237
21163
21149
21059
21050
21037
21026
21022
21020
21014
21012
20997
20966
20947
20906
20899
20883
20857
20856
20850
20841
20822
20808
20801
20791
20789
20785
20768
20761
20616
20566
20537
20425
20420
20337
20300
20291
20285
20200
20168
20156
20127
20104
20093
20090
20083
20021
19995
19943
19940
19928
19923
19921
19908
19901
19864
19854
19789
19773
19749
19744
19710
19709
19695
19678
19623
19605
19588
19580
19579
19577
19567
19497
19478
19457
19450
19435
19414
19390
19375
19367
19341
19326
19325
19315
19255
19248
19245
19134
19096
19037
18969
18943
18942
18940
18935
18912
18865
18853
18830
18824
18805
18799
18798
18788
18785
18778
18775
18773
18757
18685
18674
18640
18638
18613
18598
18528
18499
18463
18441
18427
18381
18367
18313
18309
18281
18227
18182
18165
18160
18153
18075
17956
17951
17915
17899
17859
17858
17806
17777
17775
17756
17743
17740
17726
17710
17709
17687
17655
17650
17633
17558
17548
17524
17520
17491
17479
17478
17475
17468
17453
17437
17430
17424
17422
17396
17378
17365
17347
17332
17320
17316
17284
17274
17256
17229
17213
17211
17178
17173
17149
17096
17041
17038
17021
16997
16980
16977
16968
16962
16961
16957
16921
16917
16915
16909
16891
16885
16866
16860
16837
16821
16805
16802
16771
16760
16757
16714
16711
16670
16660
16656
16632
16628
16625
16584
16549
16538
16496
16464
16462
16457
16448
16445
16376
16371
16367
16366
16348
16325
16287
16283
16243
16202
16189
16179
16170
16166
16154
16151
16146
16122
16108
16077
16073
16052
16030
16025
16014
16008
16001
15980
15973
15950
15936
15892
15891
15890
15777
15774
15753
15725
15720
15719
15707
15688
15687
15669
15661
15631
15608
15581
15570
15528
15494
15478
15461
15458
15416
15362
15355
15344
15341
15318
15286
15272
15262
15224
15214
15195
15179
15165
15164
15163
15135
15134
15122
15109
15106
15062
15055
15048
15026
15017
14999
14977
14976
14965
14926
14923
14903
14900
14897
14887
14886
14866
14851
14849
14833
14832
14828
14822
14802
14791
14749
14723
14673
14640
14615
14610
14595
14549
14519
14507
14503
14498
14488
14465
14438
14394
14393
14384
14350
14348
14339
14333
14314
14312
14282
14275
14267
14228
14223
14222
14214
14213
14180
14163
14157
14132
14067
14055
14030
14022
13984
13969
13955
13947
13921
13910
13872
13870
13869
13866
13834
13815
13801
13792
13770
13731
13730
13691
13684
13655
13624
13623
13606
13600
13599
13594
13585
13572
13564
13555
13548
13533
13529
13489
13487
13468
13461
13448
13428
13416
13410
13397
13371
13353
13334
13327
13317
13310
13301
13296
13285
13251
13209
13208
13202
13195
13186
13172
13169
13163
13157
13128
13116
13115
13113
13106
13090
13062
13051
13043
13041
12964
12956
12939
12922
12915
12913
12908
12902
12894
12879
12846
12796
12743
12718
12717
12700
12696
12694
12683
12670
12666
12663
12659
12654
12627
12610
12607
12598
12562
12561
12539
12538
12525
12522
12519
12449
12424
12395
12370
12333
12308
12288
12249
12227
12190
12172
12162
12158
12136
12118
12087
12072
12063
12054
12052
12047
12039
12036
12031
12021
12012
11979
11974
11965
11956
11955
11950
11946
11936
11924
11890
11881
11873
11871
11867
11858
11857
11854
11844
11842
11840
11825
11808
11795
11793
11779
11742
11729
11728
11690
11676
11659
11655
11630
11615
11604
11599
11594
11577
11575
11561
11548
11542
11535
11494
11489
11477
11444
11404
11360
11356
11323
11301
11294
11287
11259
11247
11225
11218
11198
11193
11191
11188
11183
11173
11168
11165
11162
11148
11138
11123
11089
11085
11079
11071
11047
11044
11011
11010
10997
10939
10930
10920
10912
10903
10891
10852
10846
10836
10829
10819
10816
10797
10739
10738
10737
10732
10729
10716
10715
10708
10698
10684
10682
10677
10671
10670
10629
10590
10550
10549
10547
10525
10505
10483
10473
10460
10447
10375
10367
10343
10328
10313
10312
10281
10271
10261
10198
10196
10169
10167
10149
10140
10119
10077
10073
10069
10068
10029
10028
10008
9993
9962
9959
9950
9946
9919
9917
9895
9878
9865
9846
9828
9814
9776
9775
9769
9761
9756
9725
9721
9720
9717
9695
9667
9656
9646
9622
9606
9602
9593
9583
9575
9552
9505
9503
9455
9448
9415
9405
9396
9382
9346
9311
9264
9259
9243
9236
9218
9191
9162
9160
9142
9140
9117
9107
9103
9090
9073
9052
9049
9028
9024
9023
9020
8996
8985
8969
8961
8919
8891
8875
8843
8840
8753
8599
8597
8571
8563
8561
8553
8498
8451
8449
8447
8430
8420
8419
8408
8377
8367
8343
8334
8330
8327
8309
8298
8288
8239
8228
8225
8221
8208
8190
8189
8146
8142
8127
8123
8117
8089
8088
8077
8075
8016
8009
8000
7981
7976
7970
7944
7939
7936
7934
7876
7868
7866
7858
7851
7835
7834
7824
7823
7804
7780
7772
7771
7767
7762
7747
7745
7698
7696
7658
7651
7627
7611
7585
7584
7575
7570
7562
7546
7462
7423
7415
7383
7369
7356
7290
7267
7222
7221
7213
7155
7147
7145
7088
7075
7069
7068
7067
7064
7054
7008
6986
6943
6942
6920
6917
6875
6866
6864
6841
6835
6834
6823
6817
6813
6802
6796
6780
6768
6754
6719
6697
6675
6637
6574
6570
6569
6557
6547
6524
6515
6500
6498
6456
6412
6402
6401
6302
6296
6249
6181
6165
6130
6101
6100
6088
6086
6043
6007
6005
5958
5928
5911
5884
5879
5875
5845
5839
5813
5743
5730
5724
5699
5696
5628
5627
5583
5573
5490
5476
5444
5413
5363
5344
5311
5273
5236
5187
5169
5109
5034
5008
4995
4864
4795
4768
4748
4706
4692
4660
4631
4627
4590
4584
4521
4481
4437
4436
4435
4413
4410
4390
4367
4341
4323
4294
4026
4005
4003
3989
3967
3899
3844
3840
3811
3795
3792
3789
3770
3750
3723
3699
3630
3590
3570
3457
3402
3397
3351
3336
3300
3299
3294
3240
3162
3105
3098
3009
2990
2896
2857
2808
2736
2712
2664
2623
2599
2555
2453
2361
2275
2270
2215
2200
2173
2170
2096
2079
1993
2072
2068
2035
2008
1977
1955
1816
1783
1758
1746
1659
1637
1622
1569
1516
1440
1411
1334
1331
1305
1300
1190
1159
505
368
327
307
258
239
230
205
196
